  -1.7591213271896460e-06
  -1.2279267574659046e-06
   2.0378849020916956e-06
   1.0809758997421426e-05
   2.6981090692382638e-05
   5.0027980859583022e-05
   7.4894888140378344e-05
   9.0423858031775972e-05
   7.9478553783674435e-05
   2.1880753331123221e-05
  -9.9264280244873440e-05
  -2.8835632711907334e-04
  -5.2714549132218663e-04
  -7.6697908457178056e-04
  -9.2760538838870083e-04
  -9.0635183300109856e-04
  -5.9965484473857491e-04
   6.4376741188338523e-05
   1.0878644753303101e-03
   2.3690341366613419e-03
   3.6840420460927284e-03
   4.6964029619032868e-03
   5.0017521876842171e-03
   4.2082844855637720e-03
   2.0435364589549464e-03
  -1.5316198923698387e-03
  -6.2281130353345135e-03
  -1.1381309786462020e-02
  -1.5974699090704408e-02
  -1.8746342808975566e-02
  -1.8372728116670817e-02
  -1.3705730038895853e-02
  -4.0220727039765531e-03
   1.0764618025532136e-02
   2.9978134439187329e-02
   5.2177131634363827e-02
   7.5290626434934560e-02
   9.6879220721245204e-02
   1.1448286886585145e-01
   1.2599573813611512e-01
   1.3000000000000000e-01
   1.2599573813611512e-01
   1.1448286886585145e-01
   9.6879220721245204e-02
   7.5290626434934560e-02
   5.2177131634363827e-02
   2.9978134439187329e-02
   1.0764618025532136e-02
  -4.0220727039765531e-03
  -1.3705730038895853e-02
  -1.8372728116670817e-02
  -1.8746342808975566e-02
  -1.5974699090704408e-02
  -1.1381309786462020e-02
  -6.2281130353345135e-03
  -1.5316198923698387e-03
   2.0435364589549464e-03
   4.2082844855637720e-03
   5.0017521876842171e-03
   4.6964029619032868e-03
   3.6840420460927284e-03
   2.3690341366613419e-03
   1.0878644753303101e-03
   6.4376741188338523e-05
  -5.9965484473857491e-04
  -9.0635183300109856e-04
  -9.2760538838870083e-04
  -7.6697908457178056e-04
  -5.2714549132218663e-04
  -2.8835632711907334e-04
  -9.9264280244873440e-05
   2.1880753331123221e-05
   7.9478553783674435e-05
   9.0423858031775972e-05
   7.4894888140378344e-05
   5.0027980859583022e-05
   2.6981090692382638e-05
   1.0809758997421426e-05
   2.0378849020916956e-06
  -1.2279267574659046e-06
  -1.7591213271896460e-06
