   9.0928661148194738e-10   0.0000000000000000e+00  -4.5464330574097372e-09   0.0000000000000000e+00   9.0928661148194745e-09   0.0000000000000000e+00  -9.0928661148194745e-09   0.0000000000000000e+00   4.5464330574097372e-09   0.0000000000000000e+00  -9.0928661148194738e-10
   9.0928661148185608e-10   0.0000000000000000e+00  -4.5464330574092806e-09   0.0000000000000000e+00   9.0928661148185613e-09   0.0000000000000000e+00  -9.0928661148185613e-09   0.0000000000000000e+00   4.5464330574092806e-09   0.0000000000000000e+00  -9.0928661148185608e-10
   9.0928661148182951e-10   0.0000000000000000e+00  -4.5464330574091475e-09   0.0000000000000000e+00   9.0928661148182949e-09   0.0000000000000000e+00  -9.0928661148182949e-09   0.0000000000000000e+00   4.5464330574091475e-09   0.0000000000000000e+00  -9.0928661148182951e-10
   9.0928661148210734e-10   0.0000000000000000e+00  -4.5464330574105371e-09   0.0000000000000000e+00   9.0928661148210742e-09   0.0000000000000000e+00  -9.0928661148210742e-09   0.0000000000000000e+00   4.5464330574105371e-09   0.0000000000000000e+00  -9.0928661148210734e-10
   9.0928661148197561e-10   0.0000000000000000e+00  -4.5464330574098779e-09   0.0000000000000000e+00   9.0928661148197557e-09   0.0000000000000000e+00  -9.0928661148197557e-09   0.0000000000000000e+00   4.5464330574098779e-09   0.0000000000000000e+00  -9.0928661148197561e-10
   9.0928661148179839e-10   0.0000000000000000e+00  -4.5464330574089919e-09   0.0000000000000000e+00   9.0928661148179839e-09   0.0000000000000000e+00  -9.0928661148179839e-09   0.0000000000000000e+00   4.5464330574089919e-09   0.0000000000000000e+00  -9.0928661148179839e-10
   9.0928661148193684e-10   0.0000000000000000e+00  -4.5464330574096843e-09   0.0000000000000000e+00   9.0928661148193686e-09   0.0000000000000000e+00  -9.0928661148193686e-09   0.0000000000000000e+00   4.5464330574096843e-09   0.0000000000000000e+00  -9.0928661148193684e-10
   9.0928661148195069e-10   0.0000000000000000e+00  -4.5464330574097538e-09   0.0000000000000000e+00   9.0928661148195076e-09   0.0000000000000000e+00  -9.0928661148195076e-09   0.0000000000000000e+00   4.5464330574097538e-09   0.0000000000000000e+00  -9.0928661148195069e-10
   9.0928661148190954e-10   0.0000000000000000e+00  -4.5464330574095478e-09   0.0000000000000000e+00   9.0928661148190956e-09   0.0000000000000000e+00  -9.0928661148190956e-09   0.0000000000000000e+00   4.5464330574095478e-09   0.0000000000000000e+00  -9.0928661148190954e-10
   9.0928661148206091e-10   0.0000000000000000e+00  -4.5464330574103047e-09   0.0000000000000000e+00   9.0928661148206094e-09   0.0000000000000000e+00  -9.0928661148206094e-09   0.0000000000000000e+00   4.5464330574103047e-09   0.0000000000000000e+00  -9.0928661148206091e-10
